308.57
308.25
303.13
312.66
292.39
319.51
315.92
311.84
292.60
299.53
291.43
312.54
314.00
296.74
301.27
305.05
305.74
313.92
292.66
304.55
306.91
299.18
291.07
290.32
290.40
293.07
317.90
319.98
311.24
300.60
285.98
294.72
307.50
293.55
314.02
314.00
308.23
299.66
305.63
306.45
292.25
309.11
296.32
312.85
309.40
285.22
315.67
291.87
291.11
317.42
317.05
299.68
301.17
308.51
296.19
315.82
314.90
302.46
291.99
305.79
315.95
313.95
318.63
311.55
316.10
298.48
298.94
298.94
312.05
299.02
299.02
296.50
285.10
287.57
289.67
297.12
288.58
307.40
289.21
316.54
292.17
311.37
301.83
294.84
309.73
296.62
306.25
311.92
316.61
295.39
312.74
307.57
310.79
295.76
319.45
312.15
288.11
313.97
305.70
285.41
312.15
317.44
306.46
313.68
299.59
317.94
289.05
287.43
301.90
305.26
305.37
294.88
308.23
308.28
305.48
294.65
311.16
289.51
314.19
289.42
318.92
311.98
317.52
311.37
304.49
306.97
297.66
291.24
308.19
307.79
286.28
314.67
315.44
305.12
318.25
319.10
289.38
307.59
302.37
287.23
304.87
293.89
306.47
313.49
313.85
307.60
290.19
300.79
285.89
289.56
315.19
296.56
291.81
311.38
308.95
293.58
289.06
307.85
297.19
311.64
287.75
302.78
304.76
318.50
307.79
316.16
314.07
298.17
299.10
289.35
312.72
310.16
285.17
304.46
294.20
299.33
314.47
300.06
312.93
309.86
317.86
287.28
288.46
299.23
318.30
307.76
285.81
300.17
303.37
288.63
293.00
319.40
312.15
299.12
305.01
312.24
319.87
287.85
289.72
296.01
285.92
303.66
294.50
297.25
304.95
299.77
295.00
310.14
307.78
311.56
315.85
302.19
291.64
304.90
289.15
300.64
301.70
286.58
301.85
302.56
295.71
306.62
302.20
295.35
316.46
290.64
313.78
300.07
306.50
294.95
294.62
308.44
295.90
304.56
294.10
317.62
285.31
294.90
298.53
303.61
298.09
306.77
305.67
301.20
315.63
317.51
296.21
303.31
316.40
308.10
319.40
314.79
317.35
304.94
308.04
307.53
311.01
305.16
301.17
298.54
287.73
290.59
317.38
299.15
301.81
314.07
306.16
290.56
288.68
290.94
296.67
307.17
306.32
295.55
307.85
287.63
315.03
307.11
288.67
293.65
297.91
290.74
286.64
298.67
291.45
307.58
307.23
294.10
318.62
319.53
316.52
285.94
315.48
305.33
304.84
311.01
310.39
285.83
303.36
304.02
316.51
315.27
311.54
300.32
309.44
290.32
301.76
299.40
289.97
306.94
298.32
304.74
305.56
299.10
304.91
305.82
302.11
312.35
307.66
297.20
293.25
303.17
318.17
302.91
295.90
303.84
318.17
316.42
301.50
314.16
285.98
291.99
293.23
285.97
291.54
305.07
306.77
305.37
294.12
292.95
295.94
292.65
316.27
314.11
315.31
316.30
289.25
314.57
293.67
308.89
318.87
291.26
302.83
293.22
309.28
311.14
306.39
295.73
307.37
319.56
310.66
290.02
309.80
312.46
317.75
